数据来源：国家统计局第五次人口普查（2000年）、第六次人口普查（2010年）<br>
<br>
性别比<br>
<table border="1">
<tr><td>出生年份</td><td>第五次人口普查</td><td>第六次人口普查</td></tr>
<tr><td>2005-2009</td><td>-</td><td>115.98</td></tr>
<tr><td>2000-2004</td><td>-</td><td>116.76</td></tr>
<tr><td>1995-2001</td><td>120.17</td><td>115.51</td></tr>
<tr><td>1990-1996</td><td>115.42</td><td>104.76</td></tr>
<tr><td>1985-1989</td><td>108.81</td><td>103.42</td></tr>
<tr><td>1980-1984</td><td>105.43</td><td>102.09</td></tr>
<tr><td>1975-1979</td><td>102.79</td><td>104.08</td></tr>
<tr><td>1970-1974</td><td>104.98</td><td>106.31</td></tr>
</table>
<br>
死亡人口性别比例
<table border="1">
<tr><td>0岁</td><td>男53.18%</td><td>女46.81%</td></tr>
<tr><td>1-4岁</td><td>男58.39%</td><td>女41.6%</td></tr>
<tr><td>5-9岁</td><td>男64.3%</td><td>女35.69%</td></tr>
<tr><td>10-14岁</td><td>男66.02%</td><td>女33.97%</td></tr>
<tr><td>15-19岁</td><td>男69.4%</td><td>女30.59%</td></tr>
<tr><td>20-24岁</td><td>男69.92%</td><td>女30.07%</td></tr>
<tr><td>25-29岁</td><td>男70.05%</td><td>女29.94%</td></tr>
<tr><td>30-34岁</td><td>男69.78%</td><td>女30.21%</td></tr>
<tr><td>35-39岁</td><td>男70%</td><td>女29.99%</td></tr>
<tr><td>40-44岁</td><td>男68%</td><td>女31%</td></tr>
<tr><td>45-49岁</td><td>男31.07%</td><td>31.64%</td></tr>
<tr><td>50-54岁</td><td>男67.24%</td><td>女32.75%</td></tr>
<tr><td>55-59岁</td><td>男65.7%</td><td>女34.29%</td></tr>
<tr><td>60-64岁</td><td>男64.32%</td><td>女35.67%</td></tr>
<tr><td>65-69岁</td><td>男62.53%</td><td>女37.46%</td></tr>
<tr><td>70-74岁</td><td>男59.96%</td><td>女40.03%</td></tr>
<tr><td>75-59岁</td><td>男56.51%</td><td>女43.48%</td></tr>
<tr><td>80-84岁</td><td>男51.18%</td><td>女48.81%</td></tr>
<tr><td>85-89岁</td><td>男44.67%</td><td>女55.32%</td></tr>
<tr><td>90-94岁</td><td>男37.21%</td><td>女62.78%</td></tr>
<tr><td>95-99岁</td><td>男31.16%</td><td>女68.83%</td></tr>
<tr><td>100岁及以上</td><td>男28.33%</td><td>女71.66%</td></tr>
</table>
<br>
文盲人口占15岁及以上人口比重<br>
<table border="1">
<tr><td>普查年份</td><td>全国</td><td>男性</td><td>女性</td></tr>
<tr><td>2000年</td><td>9.08%</td><td>4.86%</td><td>13.47</td></tr>
<tr><td>2010年</td><td>4.88%</td><td>2.52%</td><td>7.29%</td></tr>
</table>
<br>
<table border="1">
<tr><td>排名</td><td>2010年</td></tr>
<tr><td>1</td><td>西藏 32.29%</td></tr>
<tr><td>2</td><td>青海 12.94%</td></tr>
<tr><td>3</td><td>贵州 11.4%</td></tr>
<tr><td>4</td><td>甘肃 10.62%</td></tr>
<tr><td>5</td><td>安徽 9.9%</td></tr>
<tr><td>6</td><td>宁夏 7.82%</td></tr>
<tr><td>7</td><td>云南 7.6%</td></tr>
<tr><td>8</td><td>四川 6.55%</td></tr>
<tr><td>9</td><td>浙江 6.47%</td></tr>
<tr><td>10</td><td>山东 5.89%</td></tr>
<tr><td>11</td><td>河南 5.37%</td></tr>
<tr><td>12</td><td>湖北 5.32%</td></tr>
<tr><td>13</td><td>重庆 5.08%</td></tr>
<tr><td>14</td><td>海南 5.07%</td></tr>
<tr><td>15</td><td>内蒙古 4.73%</td></tr>
<tr><td>16</td><td>陕西 4.39%</td></tr>
<tr><td>17</td><td>江苏 4.36%</td></tr>
<tr><td>18</td><td>江西 4.02%</td></tr>
<tr><td>19</td><td>广西 3.46%</td></tr>
<tr><td>20</td><td>湖南 3.24%</td></tr>
<tr><td>21</td><td>河北 3.14%</td></tr>
<tr><td>22</td><td>新疆 3.01%</td></tr>
<tr><td>23</td><td>上海 3%</td></tr>
<tr><td>24</td><td>福建 2.89%</td></tr>
<tr><td>25</td><td>山西 2.57%</td></tr>
<tr><td>26</td><td>广东 2.41%</td></tr>
<tr><td>27</td><td>黑龙江 2.34%</td></tr>
<tr><td>28</td><td>天津 2.33%</td></tr>
<tr><td>29</td><td>辽宁 2.18%</td></tr>
<tr><td>30</td><td>吉林 2.18%</td></tr>
<tr><td>31</td><td>北京 1.86%</td></tr>
</table>
<br>
2010年6岁及以上人口受教育程度<br>
<table border="1">
<tr><td>地点</td><td>总人数</td><td>未上过学</td><td>小学</td><td>初中</td><td>高中</td><td>大学专科</td><td>大学本科</td><td>研究生</td></tr>
<tr><td>男性</td><td>633278387</td><td>17503480</td><td>168297261</td><td>279031847</td><td>104007090</td><td>36870375</td><td>25217083</td><td>2351251</td></tr>
<tr><td>女性</td><td>609267735</td><td>44632925</td><td>188914472</td><td>239144375</td><td>82639775</td><td>31740144</td><td>20408710</td><td>1787334</td></tr>
<tr><td>北京</td><td>18813279</td><td>363770</td><td>1952619</td><td>6157444</td><td>4161674</td><td>2377944</td><td>3109069</td><td>690759</td></tr>
<tr><td>天津</td><td>12388491</td><td>312312</td><td>2205954</td><td>4936137</td><td>2672387</td><td>1089221</td><td>1069485</td><td>102995</td></tr>
<tr><td>河北</td><td>66150575</td><td>2153698</td><td>17719711</td><td>31902985</td><td>9131670</td><td>3329231</td><td>1813264</td><td>100016</td></tr>
<tr><td>山西</td><td>33521349</td><td>868223</td><td>7804836</td><td>16115283</td><td>5618618</td><td>1999192</td><td>1055226</td><td>59971</td></tr>
<tr><td>内蒙古</td><td>23362679</td><td>1131271</td><td>6278818</td><td>9689532</td><td>3740299</td><td>1602849</td><td>875760</td><td>44150</td></tr>
<tr><td>辽宁</td><td>41873047</td><td>975536</td><td>9364681</td><td>19829444</td><td>6469305</td><td>2817201</td><td>2233535</td><td>183345</td></tr>
<tr><td>吉林</td><td>26136514</td><td>637242</td><td>6604755</td><td>11549212</td><td>4630133</td><td>1416006</td><td>1216386</td><td>82780</td></tr>
<tr><td>黑龙江</td><td>36619463</td><td>913586</td><td>9211366</td><td>17245267</td><td>5756969</td><td>1995107</td><td>1413428</td><td>83740</td></tr>
<tr><td>上海</td><td>22085668</td><td>694616</td><td>3121808</td><td>8406458</td><td>4823221</td><td>2216495</td><td>2401283</td><td>421787</td></tr>
<tr><td>江苏</td><td>74119475</td><td>3448220</td><td>19033077</td><td>30423013</td><td>12703757</td><td>4899462</td><td>3298133</td><td>313813</td></tr>
<tr><td>浙江</td><td>51484414</td><td>3372461</td><td>15687367</td><td>19961827</td><td>7384253</td><td>2808016</td><td>2098829</td><td>171661</td></tr>
<tr><td>安徽</td><td>55103738</td><td>5158856</td><td>16518988</td><td>22969845</td><td>6449846</td><td>2457181</td><td>1446936</td><td>102086</td></tr>
<tr><td>福建</td><td>34366573</td><td>1190153</td><td>10994768</td><td>13977601</td><td>5119371</td><td>1737607</td><td>1263231</td><td>83842</td></tr>
<tr><td>江西</td><td>40413800</td><td>1682257</td><td>13399357</td><td>16787837</td><td>5488361</td><td>1937740</td><td>1057732</td><td>60516</td></tr>
<tr><td>山东</td><td>89358154</td><td>5326632</td><td>23912234</td><td>38468023</td><td>13322584</td><td>4933489</td><td>3161869</td><td>233323</td></tr>
<tr><td>河南</td><td>85563558</td><td>4529564</td><td>22669174</td><td>39925272</td><td>12423541</td><td>4034524</td><td>1858760</td><td>122723</td></tr>
<tr><td>湖北</td><td>53724341</td><td>2994419</td><td>13092079</td><td>22677927</td><td>9503078</td><td>3180279</td><td>2077526</td><td>199033</td></tr>
<tr><td>湖南</td><td>60715957</td><td>2012174</td><td>17600932</td><td>25977062</td><td>10133885</td><td>3196149</td><td>1680612</td><td>115143</td></tr>
<tr><td>广东</td><td>97649498</td><td>2611734</td><td>23788746</td><td>44075971</td><td>18267539</td><td>5294533</td><td>3287295</td><td>323680</td></tr>
<tr><td>广西</td><td>41837842</td><td>1587939</td><td>14579571</td><td>17840416</td><td>5078715</td><td>1733473</td><td>955852</td><td>61876</td></tr>
<tr><td>海南</td><td>7949791</td><td>390150</td><td>1958821</td><td>3642423</td><td>1288237</td><td>415159</td><td>242323</td><td>12678</td></tr>
<tr><td>重庆</td><td>26962605</td><td>1348719</td><td>9707595</td><td>9646397</td><td>3814455</td><td>1374449</td><td>989687</td><td>81303</td></tr>
<tr><td>四川</td><td>75277913</td><td>4960433</td><td>27846551</td><td>28058292</td><td>9045928</td><td>3247880</td><td>1962005</td><td>156824</td></tr>
<tr><td>贵州</td><td>31837765</td><td>3313944</td><td>13546008</td><td>10506809</td><td>2617659</td><td>1134876</td><td>689649</td><td>28820</td></tr>
<tr><td>云南</td><td>42475720</td><td>3392628</td><td>20042984</td><td>12591002</td><td>3813068</td><td>1574493</td><td>1002321</td><td>59224</td></tr>
<tr><td>西藏</td><td>2705849</td><td>925237</td><td>1098468</td><td>385793</td><td>131027</td><td>93704</td><td>68266</td><td>3354</td></tr>
<tr><td>陕西</td><td>35187233</td><td>1636786</td><td>8740957</td><td>14981471</td><td>5887718</td><td>2364637</td><td>1438244</td><td>137420</td></tr>
<tr><td>甘肃</td><td>23912906</td><td>2448945</td><td>8313301</td><td>7982874</td><td>3244504</td><td>1171858</td><td>705613</td><td>45811</td></tr>
<tr><td>青海</td><td>5184022</td><td>700487</td><td>1984288</td><td>1427740</td><td>586713</td><td>293579</td><td>183274</td><td>7941</td></tr>
<tr><td>宁夏</td><td>5798346</td><td>419166</td><td>1868716</td><td>2130699</td><td>792711</td><td>359428</td><td>218374</td><td>9252</td></tr>
<tr><td>新疆</td><td>19965557</td><td>635247</td><td>6563203</td><td>7906166</td><td>2545639</td><td>1524757</td><td>751826</td><td>38719</td></tr>
</table>
<br>
按大学及以上人口排序（由多到少）<br>
<table border="1">
<tr><td>地点</td><td>未上过学</td><td>小学</td><td>初中</td><td>高中</td><td>大学专科</td><td>大学本科</td><td>研究生</td><td>大学及以上</td></tr>
<tr><td>男性</td><td>2.7</td><td>26.5</td><td>44</td><td>16.4</td><td>5.8</td><td>3.9</td><td>0.3</td><td>10</td></tr>
<tr><td>女性</td><td>7.3</td><td>31</td><td>39.2</td><td>13.5</td><td>5.2</td><td>3.3</td><td>0.2</td><td>8.7</td></tr>
<tr><td>北京</td><td>1.9</td><td>10.3</td><td>32.7</td><td>22.1</td><td>12.6</td><td>16.5</td><td>3.6</td><td>32.7</td></tr>
<tr><td>上海</td><td>3.1</td><td>14.1</td><td>38</td><td>21.8</td><td>10</td><td>10.8</td><td>1.9</td><td>22.7</td></tr>
<tr><td>天津</td><td>2.5</td><td>17.8</td><td>39.8</td><td>21.5</td><td>8.7</td><td>8.6</td><td>0.8</td><td>18.1</td></tr>
<tr><td>辽宁</td><td>2.3</td><td>22.3</td><td>47.3</td><td>15.4</td><td>6.7</td><td>5.3</td><td>0.4</td><td>12.4</td></tr>
<tr><td>江苏</td><td>4.6</td><td>25.6</td><td>41</td><td>17.1</td><td>6.6</td><td>4.4</td><td>0.4</td><td>11.4</td></tr>
<tr><td>新疆</td><td>3.1</td><td>32.8</td><td>39.5</td><td>12.7</td><td>7.6</td><td>3.7</td><td>0.1</td><td>11.4</td></tr>
<tr><td>陕西</td><td>4.6</td><td>24.8</td><td>42.5</td><td>16.7</td><td>6.7</td><td>4</td><td>0.3</td><td>11</td></tr>
<tr><td>内蒙古</td><td>4.8</td><td>26.8</td><td>41.4</td><td>16</td><td>6.8</td><td>3.7</td><td>0.1</td><td>10.6</td></tr>
<tr><td>吉林</td><td>2.4</td><td>25.2</td><td>44.1</td><td>17.7</td><td>5.4</td><td>4.6</td><td>0.3</td><td>10.3</td></tr>
<tr><td>湖北</td><td>5.5</td><td>24.3</td><td>42.2</td><td>17.6</td><td>5.9</td><td>3.8</td><td>0.3</td><td>10</td></tr>
<tr><td>宁夏</td><td>7.2</td><td>32.2</td><td>36.7</td><td>13.6</td><td>6.1</td><td>3.7</td><td>0.1</td><td>9.9</td></tr>
<tr><td>浙江</td><td>6.5</td><td>30.4</td><td>38.7</td><td>14.3</td><td>5.4</td><td>4</td><td>0.3</td><td>9.7</td></tr>
<tr><td>黑龙江</td><td>2.4</td><td>25.1</td><td>47</td><td>15.7</td><td>5.4</td><td>3.8</td><td>0.2</td><td>9.4</td></tr>
<tr><td>山东</td><td>5.9</td><td>26.7</td><td>43</td><td>14.9</td><td>5.5</td><td>3.5</td><td>0.2</td><td>9.2</td></tr>
<tr><td>青海</td><td>13.5</td><td>38.2</td><td>27.5</td><td>11.3</td><td>5.6</td><td>3.5</td><td>0.1</td><td>9.2</td></tr>
<tr><td>山西</td><td>2.5</td><td>23.2</td><td>48</td><td>16.7</td><td>5.9</td><td>3.1</td><td>0.1</td><td>9.1</td></tr>
<tr><td>广东</td><td>2.6</td><td>24.3</td><td>45.1</td><td>18.7</td><td>5.4</td><td>3.3</td><td>0.3</td><td>9</td></tr>
<tr><td>重庆</td><td>5</td><td>36</td><td>35.7</td><td>14.1</td><td>5</td><td>3.6</td><td>0.3</td><td>8.9</td></tr>
<tr><td>福建</td><td>3.4</td><td>31.9</td><td>40.6</td><td>14.9</td><td>5</td><td>3.6</td><td>0.2</td><td>8.8</td></tr>
<tr><td>海南</td><td>4.9</td><td>24.6</td><td>45.8</td><td>16.2</td><td>5.2</td><td>3</td><td>0.1</td><td>8.3</td></tr>
<tr><td>湖南</td><td>3.3</td><td>28.9</td><td>42.7</td><td>16.6</td><td>5.2</td><td>2.7</td><td>0.1</td><td>8</td></tr>
<tr><td>甘肃</td><td>10.2</td><td>34.7</td><td>33.3</td><td>13.5</td><td>4.9</td><td>2.9</td><td>0.1</td><td>7.9</td></tr>
<tr><td>河北</td><td>3.2</td><td>26.7</td><td>48.2</td><td>13.8</td><td>5</td><td>2.7</td><td>0.1</td><td>7.8</td></tr>
<tr><td>江西</td><td>4.1</td><td>33.1</td><td>41.5</td><td>13.5</td><td>4.7</td><td>2.6</td><td>0.1</td><td>7.4</td></tr>
<tr><td>四川</td><td>6.5</td><td>36.9</td><td>37.2</td><td>12</td><td>4.3</td><td>2.6</td><td>0.2</td><td>7.1</td></tr>
<tr><td>安徽</td><td>9.3</td><td>29.9</td><td>41.6</td><td>11.7</td><td>4.4</td><td>2.6</td><td>0.1</td><td>7.1</td></tr>
<tr><td>河南</td><td>5.2</td><td>26.4</td><td>46.6</td><td>14.5</td><td>4.7</td><td>2.1</td><td>0.1</td><td>6.9</td></tr>
<tr><td>广西</td><td>3.7</td><td>34.8</td><td>42.6</td><td>12.1</td><td>4.1</td><td>2.2</td><td>0.1</td><td>6.4</td></tr>
<tr><td>云南</td><td>7.9</td><td>47.1</td><td>29.6</td><td>8.9</td><td>3.7</td><td>2.3</td><td>0.1</td><td>6.1</td></tr>
<tr><td>西藏</td><td>34.1</td><td>40.5</td><td>14.2</td><td>4.8</td><td>3.4</td><td>2.5</td><td>0.1</td><td>6</td></tr>
<tr><td>贵州</td><td>10.4</td><td>42.5</td><td>33</td><td>8.2</td><td>3.5</td><td>2.1</td><td>0</td><td>5.6</td></tr>
</table>
<br>
按未上过学人口排序（由少到多）<br>
<table border="1">
<tr><td>地点</td><td>未上过学</td><td>小学</td><td>初中</td><td>高中</td><td>大学专科</td><td>大学本科</td><td>研究生</td><td>大学及以上</td></tr>
<tr><td>男性</td><td>2.7</td><td>26.5</td><td>44</td><td>16.4</td><td>5.8</td><td>3.9</td><td>0.3</td><td>10</td></tr>
<tr><td>女性</td><td>7.3</td><td>31</td><td>39.2</td><td>13.5</td><td>5.2</td><td>3.3</td><td>0.2</td><td>8.7</td></tr>
<tr><td>北京</td><td>1.9</td><td>10.3</td><td>32.7</td><td>22.1</td><td>12.6</td><td>16.5</td><td>3.6</td><td>32.7</td></tr>
<tr><td>辽宁</td><td>2.3</td><td>22.3</td><td>47.3</td><td>15.4</td><td>6.7</td><td>5.3</td><td>0.4</td><td>12.4</td></tr>
<tr><td>吉林</td><td>2.4</td><td>25.2</td><td>44.1</td><td>17.7</td><td>5.4</td><td>4.6</td><td>0.3</td><td>10.3</td></tr>
<tr><td>黑龙江</td><td>2.4</td><td>25.1</td><td>47</td><td>15.7</td><td>5.4</td><td>3.8</td><td>0.2</td><td>9.4</td></tr>
<tr><td>天津</td><td>2.5</td><td>17.8</td><td>39.8</td><td>21.5</td><td>8.7</td><td>8.6</td><td>0.8</td><td>18.1</td></tr>
<tr><td>山西</td><td>2.5</td><td>23.2</td><td>48</td><td>16.7</td><td>5.9</td><td>3.1</td><td>0.1</td><td>9.1</td></tr>
<tr><td>广东</td><td>2.6</td><td>24.3</td><td>45.1</td><td>18.7</td><td>5.4</td><td>3.3</td><td>0.3</td><td>9</td></tr>
<tr><td>上海</td><td>3.1</td><td>14.1</td><td>38</td><td>21.8</td><td>10</td><td>10.8</td><td>1.9</td><td>22.7</td></tr>
<tr><td>新疆</td><td>3.1</td><td>32.8</td><td>39.5</td><td>12.7</td><td>7.6</td><td>3.7</td><td>0.1</td><td>11.4</td></tr>
<tr><td>河北</td><td>3.2</td><td>26.7</td><td>48.2</td><td>13.8</td><td>5</td><td>2.7</td><td>0.1</td><td>7.8</td></tr>
<tr><td>湖南</td><td>3.3</td><td>28.9</td><td>42.7</td><td>16.6</td><td>5.2</td><td>2.7</td><td>0.1</td><td>8</td></tr>
<tr><td>福建</td><td>3.4</td><td>31.9</td><td>40.6</td><td>14.9</td><td>5</td><td>3.6</td><td>0.2</td><td>8.8</td></tr>
<tr><td>广西</td><td>3.7</td><td>34.8</td><td>42.6</td><td>12.1</td><td>4.1</td><td>2.2</td><td>0.1</td><td>6.4</td></tr>
<tr><td>江西</td><td>4.1</td><td>33.1</td><td>41.5</td><td>13.5</td><td>4.7</td><td>2.6</td><td>0.1</td><td>7.4</td></tr>
<tr><td>江苏</td><td>4.6</td><td>25.6</td><td>41</td><td>17.1</td><td>6.6</td><td>4.4</td><td>0.4</td><td>11.4</td></tr>
<tr><td>陕西</td><td>4.6</td><td>24.8</td><td>42.5</td><td>16.7</td><td>6.7</td><td>4</td><td>0.3</td><td>11</td></tr>
<tr><td>内蒙古</td><td>4.8</td><td>26.8</td><td>41.4</td><td>16</td><td>6.8</td><td>3.7</td><td>0.1</td><td>10.6</td></tr>
<tr><td>海南</td><td>4.9</td><td>24.6</td><td>45.8</td><td>16.2</td><td>5.2</td><td>3</td><td>0.1</td><td>8.3</td></tr>
<tr><td>重庆</td><td>5</td><td>36</td><td>35.7</td><td>14.1</td><td>5</td><td>3.6</td><td>0.3</td><td>8.9</td></tr>
<tr><td>河南</td><td>5.2</td><td>26.4</td><td>46.6</td><td>14.5</td><td>4.7</td><td>2.1</td><td>0.1</td><td>6.9</td></tr>
<tr><td>湖北</td><td>5.5</td><td>24.3</td><td>42.2</td><td>17.6</td><td>5.9</td><td>3.8</td><td>0.3</td><td>10</td></tr>
<tr><td>山东</td><td>5.9</td><td>26.7</td><td>43</td><td>14.9</td><td>5.5</td><td>3.5</td><td>0.2</td><td>9.2</td></tr>
<tr><td>浙江</td><td>6.5</td><td>30.4</td><td>38.7</td><td>14.3</td><td>5.4</td><td>4</td><td>0.3</td><td>9.7</td></tr>
<tr><td>四川</td><td>6.5</td><td>36.9</td><td>37.2</td><td>12</td><td>4.3</td><td>2.6</td><td>0.2</td><td>7.1</td></tr>
<tr><td>宁夏</td><td>7.2</td><td>32.2</td><td>36.7</td><td>13.6</td><td>6.1</td><td>3.7</td><td>0.1</td><td>9.9</td></tr>
<tr><td>云南</td><td>7.9</td><td>47.1</td><td>29.6</td><td>8.9</td><td>3.7</td><td>2.3</td><td>0.1</td><td>6.1</td></tr>
<tr><td>安徽</td><td>9.3</td><td>29.9</td><td>41.6</td><td>11.7</td><td>4.4</td><td>2.6</td><td>0.1</td><td>7.1</td></tr>
<tr><td>甘肃</td><td>10.2</td><td>34.7</td><td>33.3</td><td>13.5</td><td>4.9</td><td>2.9</td><td>0.1</td><td>7.9</td></tr>
<tr><td>贵州</td><td>10.4</td><td>42.5</td><td>33</td><td>8.2</td><td>3.5</td><td>2.1</td><td>0</td><td>5.6</td></tr>
<tr><td>青海</td><td>13.5</td><td>38.2</td><td>27.5</td><td>11.3</td><td>5.6</td><td>3.5</td><td>0.1</td><td>9.2</td></tr>
<tr><td>西藏</td><td>34.1</td><td>40.5</td><td>14.2</td><td>4.8</td><td>3.4</td><td>2.5</td><td>0.1</td><td>6</td></tr>

</table>


