---
layout: zk
---
<style>
    h4{color:#006699}
</style>
2019年10月《全球卫生安全指数》<br/>
数据来自：美国霍普金斯大学<br/>
<br/>
指数包含：<br/>
预防（预防病菌的出现或泄露）<br/>
查明和报告（快速查明并报告有可能引发全球关注的传染病）<br/>
快速响应（快速响应并减缓传染病的扩散）<br/>
卫生体系（建立了充沛稳健的卫生体系，收治患者和保护医护人员）<br/>
遵守国际规范（承诺提高国家能力，在卫生安全方面提供资金用于补短板，并遵守全球相关规范）<br/>
风险环境（总体风险环境和各国面对生物威胁的脆弱性）<br/>
<br/>
满分100=准备最充分<br/>
全球平均分40.2<br/>
<br/>
2020年6月17日《全球新型冠状病毒肺炎疫情》<br/>
数据来源：WHO和美国霍普金斯大学<br/>
<br/>
<br/>
（由于我个人精力有限，排名只记录安全指数排名前20名和第51名的中国）
<div class="menuDiv">
    <h4>按安全指数得分排名</h4>
    <ul>
        <table border="1">
            <thead>
            <tr>
                <th>国家</th>
                <th>安全<br/>指数<br/>排名</th>
                <th>得分</th>
                <th>新冠病毒<br/>感染率<br/>(每万人)</th>
                <th>治愈率</th>
                <th>死亡率</th>
            </thead>
            <tbody>
               <!-- 国家    安全指数排名     得分       感染人数       治愈率         死亡率-->
            <tr><td>美国</td><td>1</td><td>83.5</td><td>66.92</td><td>40.9%</td><td>5.4%</td></tr>
            <tr><td>英国</td><td>2</td><td>77.9</td><td>44.84</td><td>0.4%</td><td>14%</td></tr>
            <tr><td>荷兰</td><td>3</td><td>75.6</td><td>28.44</td><td>0.6%</td><td>12.3%</td></tr>
            <tr><td>澳大利亚</td><td>4</td><td>75.5</td><td>2.9</td><td>93%</td><td>1.3%</td></tr>
            <tr><td>加拿大</td><td>5</td><td>75.3</td><td>26.84</td><td>61.77%</td><td>8.25%</td></tr>
            <tr><td>泰国</td><td>6</td><td>73.2</td><td>0.45</td><td>95.56%</td><td>1.85%</td></tr>
            <tr><td>瑞典</td><td>7</td><td>72.1</td><td>52.74</td><td>9.32%</td><td>9.26%</td></tr>
            <tr><td>丹麦</td><td>8</td><td>70.4</td><td>21.37</td><td>90.81%</td><td>4.88%</td></tr>
            <tr><td>韩国</td><td>9</td><td>70.2</td><td>2.36</td><td>88.32%</td><td>2.28%</td></tr>
            <tr><td>芬兰</td><td>10</td><td>68.7</td><td>12.89</td><td>87.17%</td><td>4.58%</td></tr>
            <tr><td>法国</td><td>11</td><td>68.2</td><td>23.54</td><td>46.49%</td><td>18.73%</td></tr>   
            <tr><td>斯洛文尼亚</td><td>12</td><td>67.2</td><td>7.25</td><td>90.66%</td><td>7.27%</td></tr>
            <tr><td>瑞士</td><td>13</td><td>67</td><td>36.61</td><td>92.76%</td><td>6.27%</td></tr>
            <tr><td>德国</td><td>14</td><td>66</td><td>22.71</td><td>92.15%</td><td>4.72%</td></tr>
            <tr><td>西班牙</td><td>15</td><td>65.9</td><td>62.35</td><td>67.58%</td><td>9.31%</td></tr>
            <tr><td>挪威</td><td>16</td><td>64.6</td><td>16.37</td><td>93.97%</td><td>2.79%</td></tr> 
            <tr><td>拉脱维亚</td><td>17</td><td>62.2</td><td>5.6</td><td>79.69%</td><td>2.55%</td></tr>  
            <tr><td>马来西亚</td><td>18</td><td>62.2</td><td>2.72</td><td>90.92%</td><td>1.42%</td></tr>
            <tr><td>比利时</td><td>19</td><td>61</td><td>52.66</td><td>27.63%</td><td>16.06%</td></tr>
            <tr><td>葡萄牙</td><td>20</td><td>60.3</td><td>36.28</td><td>62.17%</td><td>4.07%</td></tr>
            <tr><td>中国</td><td>51</td><td>48.2</td><td>0.6</td><td>94.2%</td><td>5.4%</td></tr>
        </tbody>
        </table>
    </ul>
    </div>

    <div class="menuDiv">
        <h4>新冠病毒感染率排名（每万人）</h4>
        <ul>
            <table border="1">
                <tr><td>感染<br/>人数<br/>排名</td>
                    <td>国家</td>
                    <td>安全<br/>指数<br/>排名</td>
                    <td>得分</td>
                    <td>新冠病毒<br/>感染率<br/>(每万人)</td>
                    <td>治愈率</td>
                    <td>死亡率</td>
                   <!-- 国家    安全指数排名     得分       感染人数       治愈率         死亡率-->
                <tr><td>1</td><td>美国</td><td>1</td><td>83.5</td><td>66.92</td><td>40.9%</td><td>5.4%</td></tr>
                <tr><td>2</td><td>西班牙</td><td>15</td><td>65.9</td><td>62.35</td><td>67.58%</td><td>9.31%</td></tr>
                <tr><td>3</td><td>瑞典</td><td>7</td><td>72.1</td><td>52.74</td><td>9.32%</td><td>9.26%</td></tr>
                <tr><td>4</td><td>比利时</td><td>19</td><td>61</td><td>52.66</td><td>27.63%</td><td>16.06%</td></tr>
                <tr><td>5</td><td>英国</td><td>2</td><td>77.9</td><td>44.84</td><td>0.4%</td><td>14%</td></tr>
                <tr><td>6</td><td>瑞士</td><td>13</td><td>67</td><td>36.61</td><td>92.76%</td><td>6.27%</td></tr>
                <tr><td>7</td><td>葡萄牙</td><td>20</td><td>60.3</td><td>36.28</td><td>62.17%</td><td>4.07%</td></tr>
                <tr><td>8</td><td>荷兰</td><td>3</td><td>75.6</td><td>28.44</td><td>0.6%</td><td>12.3%</td></tr>
                <tr><td>9</td><td>加拿大</td><td>5</td><td>75.3</td><td>26.84</td><td>61.77%</td><td>8.25%</td></tr>
                <tr><td>10</td><td>法国</td><td>11</td><td>68.2</td><td>23.54</td><td>46.49%</td><td>18.73%</td></tr> 
                <tr><td>11</td><td>德国</td><td>14</td><td>66</td><td>22.71</td><td>92.15%</td><td>4.72%</td></tr>
                <tr><td>12</td><td>丹麦</td><td>8</td><td>70.4</td><td>21.37</td><td>90.81%</td><td>4.88%</td></tr>
                <tr><td>13</td><td>挪威</td><td>16</td><td>64.6</td><td>16.37</td><td>93.97%</td><td>2.79%</td></tr> 
                <tr><td>14</td><td>芬兰</td><td>10</td><td>68.7</td><td>12.89</td><td>87.17%</td><td>4.58%</td></tr> 
                <tr><td>15</td><td>斯洛文尼亚</td><td>12</td><td>67.2</td><td>7.25</td><td>90.66%</td><td>7.27%</td></tr>
                <tr><td>16</td><td>拉脱维亚</td><td>17</td><td>62.2</td><td>5.6</td><td>79.69%</td><td>2.55%</td></tr>  
                <tr><td>17</td><td>澳大利亚</td><td>4</td><td>75.5</td><td>2.9</td><td>93%</td><td>1.3%</td></tr>
                <tr><td>18</td><td>马来西亚</td><td>18</td><td>62.2</td><td>2.72</td><td>90.92%</td><td>1.42%</td></tr>
                <tr><td>19</td><td>韩国</td><td>9</td><td>70.2</td><td>2.36</td><td>88.32%</td><td>2.28%</td></tr>
                <tr><td>20</td><td>中国</td><td>51</td><td>48.2</td><td>0.6</td><td>94.2%</td><td>5.4%</td></tr>
                <tr><td>21</td><td>泰国</td><td>6</td><td>73.2</td><td>0.45</td><td>95.56%</td><td>1.85%</td></tr>
            </table>
        </ul>
        </div>

        <div class="menuDiv">
            <h4>治愈率排名</h4>
            <ul>
                <table border="1">
                    <tr><td>治愈率<br/>排名</td>
                        <td>国家</td>
                        <td>安全<br/>指数<br/>排名</td>
                        <td>得分</td>
                        <td>新冠病毒<br/>感染率<br/>(每万人)</td>
                        <td>治愈率</td>
                        <td>死亡率</td>
                       <!-- 国家    安全指数排名     得分       感染人数       治愈率         死亡率-->
                    <tr><td>1</td><td>泰国</td><td>6</td><td>73.2</td><td>0.45</td><td>95.56%</td><td>1.85%</td></tr>
                    <tr><td>2</td><td>中国</td><td>51</td><td>48.2</td><td>0.6</td><td>94.2%</td><td>5.4%</td></tr>
                    <tr><td>3</td><td>挪威</td><td>16</td><td>64.6</td><td>16.37</td><td>93.97%</td><td>2.79%</td></tr> 
                    <tr><td>4</td><td>澳大利亚</td><td>4</td><td>75.5</td><td>2.9</td><td>93%</td><td>1.3%</td></tr>
                    <tr><td>5</td><td>瑞士</td><td>13</td><td>67</td><td>36.61</td><td>92.76%</td><td>6.27%</td></tr>
                    <tr><td>6</td><td>德国</td><td>14</td><td>66</td><td>22.71</td><td>92.15%</td><td>4.72%</td></tr>
                    <tr><td>7</td><td>马来西亚</td><td>18</td><td>62.2</td><td>2.72</td><td>90.92%</td><td>1.42%</td></tr>
                    <tr><td>8</td><td>丹麦</td><td>8</td><td>70.4</td><td>21.37</td><td>90.81%</td><td>4.88%</td></tr>
                    <tr><td>9</td><td>斯洛文尼亚</td><td>12</td><td>67.2</td><td>7.25</td><td>90.66%</td><td>7.27%</td></tr>
                    <tr><td>10</td><td>韩国</td><td>9</td><td>70.2</td><td>2.36</td><td>88.32%</td><td>2.28%</td></tr>
                    <tr><td>11</td><td>芬兰</td><td>10</td><td>68.7</td><td>12.89</td><td>87.17%</td><td>4.58%</td></tr>   
                    <tr><td>12</td><td>拉脱维亚</td><td>17</td><td>62.2</td><td>5.6</td><td>79.69%</td><td>2.55%</td></tr>  
                    <tr><td>13</td><td>西班牙</td><td>15</td><td>65.9</td><td>62.35</td><td>67.58%</td><td>9.31%</td></tr>
                    <tr><td>14</td><td>葡萄牙</td><td>20</td><td>60.3</td><td>36.28</td><td>62.17%</td><td>4.07%</td></tr>
                    <tr><td>15</td><td>加拿大</td><td>5</td><td>75.3</td><td>26.84</td><td>61.77%</td><td>8.25%</td></tr>
                    <tr><td>16</td><td>法国</td><td>11</td><td>68.2</td><td>23.54</td><td>46.49%</td><td>18.73%</td></tr>  
                    <tr><td>17</td><td>美国</td><td>1</td><td>83.5</td><td>66.92</td><td>40.9%</td><td>5.4%</td></tr>
                    <tr><td>18</td><td>比利时</td><td>19</td><td>61</td><td>52.66</td><td>27.63%</td><td>16.06%</td></tr>
                    <tr><td>19</td><td>瑞典</td><td>7</td><td>72.1</td><td>52.74</td><td>9.32%</td><td>9.26%</td></tr>
                    <tr><td>20</td><td>荷兰</td><td>3</td><td>75.6</td><td>28.44</td><td>0.6%</td><td>12.3%</td></tr>
                    <tr><td>21</td><td>英国</td><td>2</td><td>77.9</td><td>44.84</td><td>0.4%</td><td>14%</td></tr>
                </table>
            </ul>
            </div>

            <div class="menuDiv">
                <h4>感染者死亡率排名</h4>
                <ul>
                    <table border="1">
                        <tr><td>死亡率<br/>排名</td>
                            <td>国家</td>
                            <td>安全<br/>指数<br/>排名</td>
                            <td>得分</td>
                            <td>新冠病毒<br/>感染率<br/>(每万人)</td>
                            <td>治愈率</td>
                            <td>死亡率</td>
                           <!-- 国家    安全指数排名     得分       感染人数       治愈率         死亡率-->
                        <tr><td>1</td><td>法国</td><td>11</td><td>68.2</td><td>23.54</td><td>46.49%</td><td>18.73%</td></tr>
                        <tr><td>2</td><td>比利时</td><td>19</td><td>61</td><td>52.66</td><td>27.63%</td><td>16.06%</td></tr>
                        <tr><td>3</td><td>英国</td><td>2</td><td>77.9</td><td>44.84</td><td>0.4%</td><td>14%</td></tr>
                        <tr><td>4</td><td>荷兰</td><td>3</td><td>75.6</td><td>28.44</td><td>0.6%</td><td>12.3%</td></tr>
                        <tr><td>5</td><td>西班牙</td><td>15</td><td>65.9</td><td>62.35</td><td>67.58%</td><td>9.31%</td></tr>
                        <tr><td>6</td><td>瑞典</td><td>7</td><td>72.1</td><td>52.74</td><td>9.32%</td><td>9.26%</td></tr>
                        <tr><td>7</td><td>加拿大</td><td>5</td><td>75.3</td><td>26.84</td><td>61.77%</td><td>8.25%</td></tr>
                        <tr><td>8</td><td>斯洛文尼亚</td><td>12</td><td>67.2</td><td>7.25</td><td>90.66%</td><td>7.27%</td></tr>
                        <tr><td>9</td><td>瑞士</td><td>13</td><td>67</td><td>36.61</td><td>92.76%</td><td>6.27%</td></tr>
                        <tr><td>10</td><td>中国</td><td>51</td><td>48.2</td><td>0.6</td><td>94.2%</td><td>5.4%</td></tr>
                        <tr><td>11</td><td>美国</td><td>1</td><td>83.5</td><td>66.92</td><td>40.9%</td><td>5.4%</td></tr>
                        <tr><td>12</td><td>丹麦</td><td>8</td><td>70.4</td><td>21.37</td><td>90.81%</td><td>4.88%</td></tr>
                        <tr><td>13</td><td>德国</td><td>14</td><td>66</td><td>22.71</td><td>92.15%</td><td>4.72%</td></tr>
                        <tr><td>14</td><td>芬兰</td><td>10</td><td>68.7</td><td>12.89</td><td>87.17%</td><td>4.58%</td></tr>
                        <tr><td>15</td><td>葡萄牙</td><td>20</td><td>60.3</td><td>36.28</td><td>62.17%</td><td>4.07%</td></tr>
                        <tr><td>16</td><td>挪威</td><td>16</td><td>64.6</td><td>16.37</td><td>93.97%</td><td>2.79%</td></tr> 
                        <tr><td>17</td><td>拉脱维亚</td><td>17</td><td>62.2</td><td>5.6</td><td>79.69%</td><td>2.55%</td></tr>
                        <tr><td>18</td><td>韩国</td><td>9</td><td>70.2</td><td>2.36</td><td>88.32%</td><td>2.28%</td></tr>
                        <tr><td>19</td><td>泰国</td><td>6</td><td>73.2</td><td>0.45</td><td>95.56%</td><td>1.85%</td></tr>
                        <tr><td>20</td><td>马来西亚</td><td>18</td><td>62.2</td><td>2.72</td><td>90.92%</td><td>1.42%</td></tr>
                        <tr><td>21</td><td>澳大利亚</td><td>4</td><td>75.5</td><td>2.9</td><td>93%</td><td>1.3%</td></tr>
                    </table>
                </ul>
                </div>
<br>
2020年10月8日《全球新型冠状病毒肺炎疫情》<br>
数据来源：国家卫监委、权威机构的公开报道、世卫组织（WHO）、各国官方通报<br>
（由于我个人精力有限，排名只记录安全指数排名前10名和第51名的中国）
<table border="1">
    <tr><td colspan="3"></td><td colspan="3">截至6月17日</td><td colspan="3">截至10月8日</td></tr>
<tr>
<th>国家</th>
<th>安全<br/>指数<br/>排名</th>
<th>得分</th>
<th>新冠病毒<br/>感染率<br/>(每万人)</th>
<th>治愈率</th>
<th>死亡率</th>
<th>新冠病毒<br/>感染率<br/>(每万人)</th>
<th>治愈率</th>
<th>死亡率</th>
</tr>

<!-- 国家    安全指数排名     得分       感染人数       治愈率         死亡率-->
<tr><td>美国</td><td>1</td><td>83.5</td><td>66.92</td><td>40.9%</td><td>5.4%</td>
                                        <td>235.6</td><td>64%</td><td>2.7%</td></tr>
<tr><td>英国</td><td>2</td><td>77.9</td><td>44.84</td><td>0.4%</td><td>14%</td>
                                        <td>81.9</td><td>0.4%</td><td>7.8%</td></tr>
<tr><td>荷兰</td><td>3</td><td>75.6</td><td>28.44</td><td>0.6%</td><td>12.3%</td>
                                        <td>86.2</td><td>3%</td><td>4.3%</td></tr>
<tr><td>澳大利亚</td><td>4</td><td>75.5</td><td>2.9</td><td>93%</td><td>1.3%</td>
                                           <td>10.6</td><td>91.6%</td><td>3.2%</td></tr>
<tr><td>加拿大</td><td>5</td><td>75.3</td><td>26.84</td><td>61.77%</td><td>8.25%</td>
                                          <td>45.6</td><td>84.1%</td><td>5.5%</td></tr>
<tr><td>泰国</td><td>6</td><td>73.2</td><td>0.45</td><td>95.56%</td><td>1.85%</td>
                                        <td>0.5</td><td>93.8%</td><td>1.6%</td></tr>
<tr><td>瑞典</td><td>7</td><td>72.1</td><td>52.74</td><td>9.32%</td><td>9.26%</td>
                                        <td>95.6</td><td>5.1%</td><td>6%</td></tr>
<tr><td>丹麦</td><td>8</td><td>70.4</td><td>21.37</td><td>90.81%</td><td>4.88%</td>
                                        <td>53.5</td><td>78.9%</td><td>2.1%</td></tr>
<tr><td>韩国</td><td>9</td><td>70.2</td><td>2.36</td><td>88.32%</td><td>2.28%</td>
                                        <td>4.6</td><td>91.9%</td><td>1.7%</td></tr>
<tr><td>芬兰</td><td>10</td><td>68.7</td><td>12.89</td><td>87.17%</td><td>4.58%</td>
                                        <td>20</td><td>76.9%</td><td>3.1%</td></tr>
<tr><td>中国</td><td>51</td><td>48.2</td><td>0.6</td><td>94.2%</td><td>5.4%</td>
                                         <td>0.6</td><td>94.3%</td><td>5.2%</td></tr>
</table>


<script type="text/javascript">
    function MenuSwitch(className) {
        this._elements = [];
        this._default = -1;
        this._className = className;
        this._previous = false;
    }
    MenuSwitch.prototype.setDefault = function (id) {
        this._default = Number(id);
    }
    MenuSwitch.prototype.setPrevious = function (flag) {
        this._previous = Boolean(flag);
    }
    MenuSwitch.prototype.collectElementbyClass = function () {
        this._elements = [];
        var allelements = document.getElementsByTagName("div");
        for (var i = 0; i < allelements.length; i++) {
            var mItem = allelements[i];
            if (typeof mItem.className == "string" && mItem.className == this._className) {
                var h3s = mItem.getElementsByTagName("h4");
                var uls = mItem.getElementsByTagName("ul");
                if (h3s.length == 1 && uls.length == 1) {
                    h3s[0].style.cursor = "hand";
                    if (this._default == this._elements.length) {
                        uls[0].style.display = "block";
                    } else {
                        uls[0].style.display = "none";
                    }
                    this._elements[this._elements.length] = mItem;
                }
            }
        }
    }
    MenuSwitch.prototype.open = function (mElement) {
        var uls = mElement.getElementsByTagName("ul");
        uls[0].style.display = "block";
    }
    MenuSwitch.prototype.close = function (mElement) {
        var uls = mElement.getElementsByTagName("ul");
        uls[0].style.display = "none";
    }
    MenuSwitch.prototype.isOpen = function (mElement) {
        var uls = mElement.getElementsByTagName("ul");
        return uls[0].style.display == "block";
    }
    MenuSwitch.prototype.toggledisplay = function (header) {
        var mItem;
        if (window.addEventListener) {
            mItem = header.parentNode;
        } else {
            mItem = header.parentElement;
        }
        if (this.isOpen(mItem)) {
            this.close(mItem);
        } else {
            this.open(mItem);
        }
        if (!this._previous) {
            for (var i = 0; i < this._elements.length; i++) {
                if (this._elements[i] != mItem) {
                    var uls = this._elements[i].getElementsByTagName("ul");
                    uls[0].style.display = "none";
                }
            }
        }
    }
    MenuSwitch.prototype.init = function () {
        var instance = this;
        this.collectElementbyClass();
        if (this._elements.length == 0) {
            return;
        }
        for (var i = 0; i < this._elements.length; i++) {
            var h3s = this._elements[i].getElementsByTagName("h4");
            if (window.addEventListener) {
                h3s[0].addEventListener("click", function () { instance.toggledisplay(this); }, false);
            } else {
                h3s[0].onclick = function () { instance.toggledisplay(this); }
            }
        }
    }
</script>

<script language="javascript">
    var mSwitch = new MenuSwitch("menuDiv");
    mSwitch.setDefault(0);
    mSwitch.setPrevious(false);
    mSwitch.init();
</script>